U00096.2	NODE_1_length_33177_cov_361.166077
3848882	12426
3848932	12476
NA	NA
3848934	12477
3848937	12480
NA	NA
3848940	12481
3848963	12504
NA	NA
3848965	12505
3848992	12532
NA	NA
3848993	12538
3848999	12544
NA	NA
3849000	12547
3849063	12610
NA	NA
3849064	12618
3849085	12639
NA	NA
3849086	12645
3849097	12656
NA	NA
3849104	12657
3849119	12672
NA	NA
3849120	12674
3849125	12679
NA	NA
3849129	12680
3849145	12696
NA	NA
3849147	12697
3849153	12703
NA	NA
3849161	12704
3849189	12732
NA	NA
3849190	12763
3849219	12792
NA	NA
3849226	12793
3849236	12803
NA	NA
3849237	12811
3849253	12827
NA	NA
3849258	12828
3849266	12836
NA	NA
3849270	12837
3849282	12849
NA	NA
3849283	12857
3849301	12875
NA	NA
3849303	12876
3849311	12884
NA	NA
3849314	12885
3849320	12891
NA	NA
3849329	12892
3849342	12905
NA	NA
3849354	12906
3849400	12952
NA	NA
3849410	12953
3849425	12968
NA	NA
3849426	12974
3849437	12985
NA	NA
3849438	12990
3849657	13209
NA	NA
3849658	13214
3849667	13223
NA	NA
3849673	13224
3849680	13231
NA	NA
3849681	13233
3849690	13242
NA	NA
3849693	13243
3849695	13245
NA	NA
3849696	13255
3849707	13266
NA	NA
3849708	13270
3849729	13291
NA	NA
3849733	13292
3849742	13301
NA	NA
3849744	13302
3849748	13306
NA	NA
3849749	13308
3849772	13331
NA	NA
3849773	13334
3849788	13349
NA	NA
3849789	13356
3849804	13371
NA	NA
3849805	13374
3849808	13377
NA	NA
3849809	13382
3850126	13699
NA	NA
3850127	13701
3850132	13706
NA	NA
3850133	13712
3850181	13760
NA	NA
3850185	13761
3850246	13822
NA	NA
3850247	13826
3850250	13829
NA	NA
3850252	13830
3850258	13836
NA	NA
3850260	13837
3850291	13868
NA	NA
3850292	13871
3850304	13883
NA	NA
3850305	13892
3850310	13897
NA	NA
3850311	13902
3850554	14145
NA	NA
3850555	14150
3850563	14158
NA	NA
3850569	14159
3850585	14175
NA	NA
3850586	14178
3850588	14180
NA	NA
3850590	14181
3850654	14245
NA	NA
3850655	14254
3850662	14261
NA	NA
3850671	14262
3850767	14358
NA	NA
4244891	27146
4244996	27251
NA	NA
4245003	27252
4245015	27264
NA	NA
4245016	27271
4245030	27285
NA	NA
4245031	27288
4245038	27295
NA	NA
4245041	27296
4245105	27360
NA	NA
4245106	27373
4245158	27425
NA	NA
4245161	27426
4245169	27434
NA	NA
4245180	27435
4245260	27515
NA	NA
4245263	27516
4245271	27524
NA	NA
4245272	27527
4245322	27577
NA	NA
4324070	27777
4324118	27825
NA	NA
4324122	27826
4324142	27846
NA	NA
4324143	27848
4324169	27874
NA	NA
66796	33205
100000	1
NA	NA
59090	1
66591	7502
NA	NA
3748081	7488
3748091	7478
NA	NA
3748092	7476
3748098	7470
NA	NA
3748101	7469
3748209	7361
NA	NA
3748210	7358
3748221	7347
NA	NA
3748224	7346
3748805	6765
NA	NA
1	1
5591	5591
NA	NA
66616	5591
66656	5551
NA	NA
5574	1
20119	14546
NA	NA
278385	14221
278710	14546
NA	NA
1976527	14223
1976850	14546
NA	NA
1049445	14546
1049784	14207
NA	NA
2655431	8125
2655801	7755
NA	NA
2655808	7754
2656007	7555
NA	NA
2656008	7549
2656014	7543
NA	NA
2656018	7542
2656022	7538
NA	NA
2656025	7537
2656081	7481
NA	NA
2656082	7471
2656111	7442
NA	NA
2656112	7435
2656123	7424
NA	NA
2656124	7408
2656159	7373
NA	NA
2656163	7372
2656171	7364
NA	NA
2656172	7358
2656175	7355
NA	NA
2656178	7354
2656186	7346
NA	NA
2656189	7345
2656192	7342
NA	NA
2656193	7339
2656199	7333
NA	NA
2656200	7331
2656213	7318
NA	NA
2656214	7306
2656285	7235
NA	NA
2656286	7228
2656292	7222
NA	NA
2656293	7220
2656304	7209
NA	NA
2656305	7203
2656351	7157
NA	NA
2656352	7154
2656363	7143
NA	NA
2656364	7141
2656509	6996
NA	NA
2656510	6992
2656539	6963
NA	NA
2656543	6962
2656650	6855
NA	NA
2656651	6853
2656663	6841
NA	NA
2656665	6840
2656678	6827
NA	NA
2656679	6819
2656683	6815
NA	NA
2656685	6814
2656707	6792
NA	NA
2656708	6789
2656717	6780
NA	NA
2656719	6779
2656730	6768
NA	NA
2656732	6767
2656766	6733
NA	NA
2656767	6729
2656891	6605
NA	NA
3637226	102
3637314	14
NA	NA
20092	1
20148	57
NA	NA
3581866	57
3581922	1
NA	NA
1049416	1
1049472	57
NA	NA
278683	57
278739	1
NA	NA
2314911	1
2314944	34
NA	NA
2314952	35
2314961	44
NA	NA
2314970	45
2315006	81
NA	NA
3253245	1
3253278	34
NA	NA
3253296	35
3253346	85
NA	NA
3581443	5216
3581449	5222
NA	NA
3581450	5226
3581554	5330
NA	NA
20460	5330
25789	1
NA	NA
20121	1
20436	316
NA	NA
3581578	316
3581893	1
NA	NA
1455792	3282
1455952	3442
NA	NA
1455955	3443
1455976	3464
NA	NA
1455977	3467
1456050	3540
NA	NA
1462513	3814
1462862	4163
NA	NA
1462863	4171
1462868	4176
NA	NA
1462869	4178
1462882	4191
NA	NA
1462888	4192
1462895	4199
NA	NA
1462896	4202
1462905	4211
NA	NA
1462911	4212
1463033	4334
NA	NA
2252609	11278
2252781	11450
NA	NA
2252793	11451
2252805	11463
NA	NA
2252806	11467
2252812	11473
NA	NA
2252813	11482
2252855	11524
NA	NA
2252856	11526
2252868	11538
NA	NA
2252870	11539
2252969	11638
NA	NA
2252986	11639
2253005	11658
NA	NA
2253007	11659
2253016	11668
NA	NA
2253017	11670
2253031	11684
NA	NA
2253032	11695
2253050	11713
NA	NA
2253051	11720
2253130	11799
NA	NA
2253131	11805
2253144	11818
NA	NA
2253150	11819
2253193	11862
NA	NA
25769	13398
39166	1
NA	NA
508008	16
508050	58
NA	NA
39139	61
39199	1
NA	NA
39172	1
39232	61
NA	NA
762026	61
762086	1
NA	NA
39205	1
59080	19876
NA	NA
3476956	10235
3476988	10203
NA	NA
3476989	10201
3477004	10186
NA	NA
3477006	10185
3477105	10086
NA	NA
3477111	10085
3477131	10065
NA	NA
3477132	10059
3477314	9877
NA	NA
3477317	9876
3477322	9871
NA	NA
3477323	9866
3477333	9856
NA	NA
3477336	9855
3477445	9746
NA	NA
3477455	9745
3477479	9721
NA	NA
3477482	9720
3477495	9707
NA	NA
3477496	9704
3477573	9627
NA	NA
3477574	9624
3477592	9606
NA	NA
3477595	9605
3478041	9159
NA	NA
3478048	9158
3478071	9135
NA	NA
3478072	9124
3478082	9114
NA	NA
3478083	9099
3478090	9092
NA	NA
3478093	9091
3478097	9087
NA	NA
3478098	9083
3478106	9075
NA	NA
3478117	9074
3478182	9009
NA	NA
3478191	9008
3478192	9007
NA	NA
3478200	9006
3478219	8987
NA	NA
3478220	8971
3478506	8685
NA	NA
3478507	8682
3478511	8678
NA	NA
3478514	8677
3478598	8593
NA	NA
3478604	8592
3478620	8576
NA	NA
3478621	8573
3478640	8554
NA	NA
3478656	8553
3478660	8549
NA	NA
3478661	8547
3478680	8528
NA	NA
3478683	8527
3478699	8511
NA	NA
3478700	8509
3478716	8493
NA	NA
3478724	8492
3478734	8482
NA	NA
3478744	8481
3478751	8474
NA	NA
3478754	8473
3478776	8451
NA	NA
3478780	8450
3478795	8435
NA	NA
3478797	8434
3478801	8430
NA	NA
3478802	8427
3478811	8418
NA	NA
3478812	8413
3478825	8400
NA	NA
3478826	8396
3478833	8389
NA	NA
3478834	8373
3478998	8209
NA	NA
3479000	8208
3479006	8202
NA	NA
3479007	8200
3479150	8057
NA	NA
